# one source_row_id per line, Cleanlab rank order
55
3108
1090
1801
3708
2522
2062
3903
134
3360
2361
168
1363
2168
4063
4149
3101
2394
337
473
471
4389
4560
169
4528
1393
817
313
3624
4167
2573
2078
2609
3033
2975
2246
997
2274
3158
187
2672
826
616
4403
4169
265
2658
332
3406
2035
3847
2749
2635
2449
2395
1555
3477
3888
1594
1315
3266
3334
4079
138
4015
940
2809
2619
2445
4718
4911
3962
176
3214
3
2553
3317
2405
2915
4745
3581
2674
3006
1350
3947
165
2200
1817
770
1448
4304
2487
1665
4919
226
3683
1772
365
3390
4876
35
2481
2297
4153
1117
703
3028
1341
2254
939
590
916
1504
1178
1891
3259
3241
4516
3710
166
3861
412
3515
64
4456
1127
261
2601
3900
3956
122
2442
3612
1618
786
2349
3223
2160
4382
1790
3335
3692
2279
1937
3814
4735
2428
4042
2818
1005
959
3539
400
3518
3104
684
879
3409
4784
2805
3554
3665
4607
3817
4836
2879
3253
4323
102
569
1364
3859
2159
4411
3373
3427
1185
2862
805
3205
3874
519
4702
787
3975
2863
574
383
3839
1482
1048
3100
673
719
1990
3016
1391
4100
2257
4064
1592
3765
1170
2803
331
419
828
3258
4097
2691
4553
3453
3731
1045
1783
3191
4111
75
3648
2094
3323
2957
3853
2620
4854
1536
213
4099
4556
41
2585
4173
1998
3342
158
1781
4073
1792
2410
25
1095
4722
1619
866
4332
756
3687
1007
2991
4244
1429
3674
1502
456
2648
385
960
4384
2757
4782
2328
3544
4618
4267
2334
3724
2330
4126
2671
1416
1944
3504
1354
2546
2496
316
2647
3961
4300
4497
4243
4274
2745
846
2554
3730
309
556
3473
1668
4057
662
1604
649
2780
4402
3212
4321
2443
2147
4568
1349
1009
4329
3109
3818
3010
4266
4446
2498
663
2162
1445
4861
526
1531
4330
1603
3092
94
543
4739
4237
378
3593
388
4477
712
2916
3992
749
103
4881
2080
4575
398
1865
253
3483
3366
1739
4134
1689
2559
4755
726
2007
2205
4145
3032
4140
4137
2579
2222
3133
991
943
1862
1841
481
3661
1145
4131
4944
2084
4002
4714
4889
4890
3264
800
4544
4089
2569
